28767679
28732479
28724354
28561030
28479069
28266498
28242343
28217746
28103880
28085902
27736793
27783135
27590448
27274991
27186840
27152931
27014700
26615025
26592771
26576489
26566239
26542446
26495291
26421278
26379769
25618865
25578304
25562137
25345908
25343869
25329157
24909362
24774833
24712528
24628959
24453953
24222422
24222407
24218219
23892182
23849719
23704901
23680586
23349810
23110428
23067238
22847261
22548736
24957377
22207618
22185482
22135291
22119273
22008641
21995956
21962087
21943909
21846360
21811229
21757732
21501263
21474551
21433289
21082444
20823846
20807838
20712863
20488753
20444302
20421197
20126531
19597503
19190405
19008181
18937253
18846089
18767192
18767191
18682254
18536691
18468557
17882155
17593909
17584497
17388807
17243146
17132165
15196499
12801875

